0 COSMOS 2493 (SKRL 756)
1 39490U 13078A   18060.40258159  .00000231  00000-0  22303-4 0  9993
2 39490  82.4182 296.0024 0016043 258.8891 101.0522 14.88281941226591
0 COSMOS 2493 (SKRL 756)
1 39490U 13078A   18060.60428112 +.00000233 +00000-0 +22591-4 0  9994
2 39490 082.4182 295.8094 0016046 258.1400 101.8018 14.88282056226324
0 COSMOS 2493 (SKRL 756)
1 39490U 13078A   18060.73874746  .00000229  00000-0  22153-4 0  9995
2 39490  82.4182 295.6808 0016048 257.6453 102.2968 14.88282099226640
0 COSMOS 2493 (SKRL 756)
1 39490U 13078A   18061.14214651  .00000228  00000-0  22003-4 0  9997
2 39490  82.4181 295.2948 0016059 256.1889 103.7541 14.88282260226709
0 COSMOS 2493 (SKRL 756)
1 39490U 13078A   18061.54554553  .00000227  00000-0  21945-4 0  9992
2 39490  82.4180 294.9089 0016059 254.7146 105.2297 14.88282428226767
0 COSMOS 2493 (SKRL 756)
1 39490U 13078A   18061.61277870 +.00000228 +00000-0 +22001-4 0  9999
2 39490 082.4180 294.8446 0016060 254.4709 105.4736 14.88282463226474
0 COSMOS 2493 (SKRL 756)
1 39490U 13078A   18061.81447818  .00000223  00000-0  21433-4 0  9995
2 39490  82.4180 294.6516 0016067 253.7382 106.2068 14.88282511226804
0 COSMOS 2493 (SKRL 756)
1 39490U 13078A   18061.88171135 +.00000221 +00000-0 +21290-4 0  9997
2 39490 082.4180 294.5873 0016068 253.4940 106.4512 14.88282523226514
0 COSMOS 2493 (SKRL 756)
1 39490U 13078A   18062.55404299  .00000222  00000-0  21393-4 0  9997
2 39490  82.4179 293.9441 0016078 251.0610 108.8865 14.88282781226912
0 COSMOS 2493 (SKRL 756)
1 39490U 13078A   18062.62127613 +.00000222 +00000-0 +21374-4 0  9996
2 39490 082.4178 293.8797 0016079 250.8153 109.1325 14.88282815226625
0 COSMOS 2493 (SKRL 756)
1 39490U 13078A   18062.89020875  .00000222  00000-0  21347-4 0  9997
2 39490  82.4178 293.6224 0016088 249.8481 110.1006 14.88282894226962
0 COSMOS 2493 (SKRL 756)
1 39490U 13078A   18062.95744191 +.00000222 +00000-0 +21321-4 0  9990
2 39490 082.4178 293.5581 0016091 249.6109 110.3380 14.88282918226678
0 COSMOS 2493 (SKRL 756)
1 39490U 13078A   18063.56254026  .00000214  00000-0  20471-4 0  9997
2 39490  82.4177 292.9792 0016107 247.4300 112.5213 14.88283170227065
0 COSMOS 2493 (SKRL 756)
1 39490U 13078A   18063.62977341 +.00000210 +00000-0 +20064-4 0  9990
2 39490 082.4177 292.9149 0016108 247.1836 112.7680 14.88283183226774
0 COSMOS 2493 (SKRL 756)
1 39490U 13078A   18063.83147284  .00000204  00000-0  19371-4 0  9990
2 39490  82.4177 292.7219 0016120 246.4506 113.5019 14.88283227227102
0 COSMOS 2493 (SKRL 756)
1 39490U 13078A   18063.89870601 +.00000200 +00000-0 +18952-4 0  9992
2 39490 082.4176 292.6576 0016123 246.2098 113.7429 14.88283227226817
0 COSMOS 2493 (SKRL 756)
1 39490U 13078A   18064.16763857  .00000199  00000-0  18910-4 0  9998
2 39490  82.4176 292.4003 0016134 245.2661 114.6877 14.88283361227151
0 COSMOS 2493 (SKRL 756)
1 39490U 13078A   18064.63827053 +.00000205 +00000-0 +19504-4 0  9997
2 39490 082.4175 291.9500 0016152 243.5709 116.3851 14.88283596226925
0 COSMOS 2493 (SKRL 756)
1 39490U 13078A   18064.83996993  .00000206  00000-0  19665-4 0  9998
2 39490  82.4175 291.7570 0016164 242.8378 117.1192 14.88283668227251
0 COSMOS 2493 (SKRL 756)
1 39490U 13078A   18064.90720306 +.00000208 +00000-0 +19858-4 0  9995
2 39490 082.4175 291.6927 0016167 242.5976 117.3598 14.88283703226969
0 COSMOS 2493 (SKRL 756)
1 39490U 13078A   18065.17613557  .00000207  00000-0  19716-4 0  9996
2 39490  82.4174 291.4354 0016178 241.6284 118.3303 14.88283839227308
0 COSMOS 2493 (SKRL 756)
1 39490U 13078A   18065.51230125  .00000208  00000-0  19812-4 0  9998
2 39490  82.4173 291.1138 0016190 240.4025 119.5580 14.88283959227356
0 COSMOS 2493 (SKRL 756)
1 39490U 13078A   18065.57953438 +.00000208 +00000-0 +19832-4 0  9995
2 39490 082.4173 291.0494 0016193 240.1520 119.8089 14.88283994227064
0 COSMOS 2493 (SKRL 756)
1 39490U 13078A   18065.84846688  .00000205  00000-0  19546-4 0  9992
2 39490  82.4173 290.7921 0016206 239.1833 120.7791 14.88284069227408
0 COSMOS 2493 (SKRL 756)
1 39490U 13078A   18065.91570002 +.00000203 +00000-0 +19274-4 0  9990
2 39490 082.4173 290.7278 0016210 238.9423 121.0204 14.88284077227110
0 COSMOS 2493 (SKRL 756)
1 39490U 13078A   18066.18463251  .00000200  00000-0  18950-4 0  9994
2 39490  82.4172 290.4705 0016219 237.9805 121.9837 14.88284188227454
0 COSMOS 2493 (SKRL 756)
1 39490U 13078A   18066.52079818  .00000205  00000-0  19550-4 0  9996
2 39490  82.4172 290.1489 0016230 236.7500 123.2162 14.88284314227505
0 COSMOS 2493 (SKRL 756)
1 39490U 13078A   18066.58803130 +.00000205 +00000-0 +19487-4 0  9993
2 39490 082.4172 290.0845 0016233 236.5072 123.4594 14.88284341227214
0 COSMOS 2493 (SKRL 756)
1 39490U 13078A   18066.92419688 +.00000204 +00000-0 +19416-4 0  9993
2 39490 082.4171 289.7629 0016253 235.3125 124.6561 14.88284429227265
0 COSMOS 2493 (SKRL 756)
1 39490U 13078A   18067.19312934  .00000203  00000-0  19260-4 0  9995
2 39490  82.4171 289.5055 0016264 234.3561 125.6143 14.88284529227607
0 COSMOS 2493 (SKRL 756)
1 39490U 13078A   18067.26036247 +.00000204 +00000-0 +19457-4 0  9992
2 39490 082.4171 289.4412 0016267 234.1113 125.8595 14.88284554227316
0 COSMOS 2493 (SKRL 756)
1 39490U 13078A   18067.59652805 +.00000207 +00000-0 +19688-4 0  9991
2 39490 082.4170 289.1196 0016284 232.9020 127.0710 14.88284684227365
0 COSMOS 2493 (SKRL 756)
1 39490U 13078A   18067.79822739  .00000207  00000-0  19736-4 0  9992
2 39490  82.4170 288.9266 0016294 232.1878 127.7865 14.88284733227693
0 COSMOS 2493 (SKRL 756)
1 39490U 13078A   18067.93269366 +.00000202 +00000-0 +19215-4 0  9996
2 39490 082.4170 288.7979 0016304 231.7142 128.2609 14.88284735227417
0 COSMOS 2493 (SKRL 756)
1 39490U 13078A   18068.13439299  .00000198  00000-0  18801-4 0  9997
2 39490  82.4170 288.6049 0016316 231.0021 128.9745 14.88284800227743
0 COSMOS 2493 (SKRL 756)
1 39490U 13078A   18068.20162610  .00000198  00000-0  18724-4 0  9999
2 39490  82.4169 288.5406 0016319 230.7671 129.2099 14.88284818227753
0 COSMOS 2493 (SKRL 756)
1 39490U 13078A   18068.60502476 +.00000204 +00000-0 +19441-4 0  9996
2 39490 082.4169 288.1546 0016340 229.3221 130.6577 14.88284999227514
0 COSMOS 2493 (SKRL 756)
1 39490U 13078A   18068.87395722  .00000202  00000-0  19185-4 0  9992
2 39490  82.4169 287.8973 0016354 228.3813 131.6005 14.88285059227857
0 COSMOS 2493 (SKRL 756)
1 39490U 13078A   18068.94119035 +.00000199 +00000-0 +18893-4 0  9991
2 39490 082.4169 287.8330 0016360 228.1466 131.8356 14.88285060227564
0 COSMOS 2493 (SKRL 756)
1 39490U 13078A   18069.21012276  .00000192  00000-0  18100-4 0  9995
2 39490  82.4168 287.5756 0016374 227.1950 132.7891 14.88285151227907
0 COSMOS 2493 (SKRL 756)
1 39490U 13078A   18069.54628821 +.00000212 +00000-0 +20222-4 0  9991
2 39490 082.4168 287.2540 0016392 225.9923 133.9944 14.88285385227957
0 COSMOS 2493 (SKRL 756)
1 39490U 13078A   18069.88245365  .00000225  00000-0  21669-4 0  9996
2 39490  82.4168 286.9323 0016414 224.8108 135.1784 14.88285554228001
0 COSMOS 2493 (SKRL 756)
1 39490U 13078A   18069.94968677 +.00000224 +00000-0 +21591-4 0  9994
2 39490 082.4168 286.8680 0016418 224.5741 135.4157 14.88285568227719
0 COSMOS 2493 (SKRL 756)
1 39490U 13078A   18070.21861909  .00000230  00000-0  22207-4 0  9998
2 39490  82.4167 286.6107 0016435 223.6144 136.3775 14.88285716228055
0 COSMOS 2493 (SKRL 756)
1 39490U 13078A   18070.55478444  .00000255  00000-0  24915-4 0  9998
2 39490  82.4167 286.2890 0016458 222.4079 137.5867 14.88285990228104
0 COSMOS 2493 (SKRL 756)
1 39490U 13078A   18070.89094990  .00000248  00000-0  24203-4 0  9997
2 39490  82.4167 285.9673 0016482 221.2371 138.7602 14.88286047228157
0 COSMOS 2493 (SKRL 756)
1 39490U 13078A   18070.95818297 +.00000247 +00000-0 +24043-4 0  9999
2 39490 082.4167 285.9030 0016486 220.9988 138.9991 14.88286073227867
0 COSMOS 2493 (SKRL 756)
1 39490U 13078A   18071.15988218  .00000242  00000-0  23466-4 0  9996
2 39490  82.4167 285.7100 0016498 220.2962 139.7034 14.88286152228193
0 COSMOS 2493 (SKRL 756)
1 39490U 13078A   18071.56328066  .00000243  00000-0  23559-4 0  9994
2 39490  82.4166 285.3240 0016524 218.8685 141.1346 14.88286284228254
0 COSMOS 2493 (SKRL 756)
1 39490U 13078A   18071.83221292  .00000241  00000-0  23360-4 0  9995
2 39490  82.4166 285.0667 0016543 217.9337 142.0717 14.88286360228290
0 COSMOS 2493 (SKRL 756)
1 39490U 13078A   18071.89944596 +.00000245 +00000-0 +23835-4 0  9991
2 39490 082.4166 285.0023 0016548 217.7051 142.3008 14.88286410228003
0 COSMOS 2493 (SKRL 756)
1 39490U 13078A   18072.16837825  .00000260  00000-0  25459-4 0  9999
2 39490  82.4166 284.7450 0016562 216.7589 143.2494 14.88286592228341
0 COSMOS 2493 (SKRL 756)
1 39490U 13078A   18072.50454353  .00000273  00000-0  26825-4 0  9990
2 39490  82.4165 284.4233 0016585 215.5774 144.4339 14.88286781228390
0 COSMOS 2493 (SKRL 756)
1 39490U 13078A   18072.57177657 +.00000273 +00000-0 +26870-4 0  9996
2 39490 082.4165 284.3590 0016591 215.3367 144.6752 14.88286816228107
0 COSMOS 2493 (SKRL 756)
1 39490U 13078A   18072.84070876  .00000280  00000-0  27644-4 0  9999
2 39490  82.4165 284.1016 0016611 214.4141 145.6002 14.88286925228448
0 COSMOS 2493 (SKRL 756)
1 39490U 13078A   18072.90794182 +.00000282 +00000-0 +27817-4 0  9993
2 39490 082.4165 284.0373 0016615 214.1854 145.8295 14.88286958228155
0 COSMOS 2493 (SKRL 756)
1 39490U 13078A   18073.17687404  .00000273  00000-0  26842-4 0  9998
2 39490  82.4164 283.7800 0016638 213.2465 146.7708 14.88287036228492
0 COSMOS 2493 (SKRL 756)
1 39490U 13078A   18073.51303927  .00000268  00000-0  26297-4 0  9999
2 39490  82.4164 283.4583 0016663 212.0662 147.9543 14.88287157228541
0 COSMOS 2493 (SKRL 756)
1 39490U 13078A   18073.84920445  .00000251  00000-0  24420-4 0  9993
2 39490  82.4164 283.1366 0016692 210.9138 149.1098 14.88287241228592
0 COSMOS 2493 (SKRL 756)
1 39490U 13078A   18073.91643746 +.00000255 +00000-0 +24948-4 0  9996
2 39490 082.4164 283.0723 0016697 210.6801 149.3441 14.88287325228303
0 COSMOS 2493 (SKRL 756)
1 39490U 13078A   18074.18536952  .00000263  00000-0  25813-4 0  9997
2 39490  82.4163 282.8149 0016715 209.7562 150.2707 14.88287539228645
0 COSMOS 2493 (SKRL 756)
1 39490U 13078A   18074.79046669  .00000272  00000-0  26723-4 0  9996
2 39490  82.4163 282.2359 0016764 207.6528 152.3799 14.88287836228739
0 COSMOS 2493 (SKRL 756)
1 39490U 13078A   18074.85769970  .00000279  00000-0  27521-4 0  9994
2 39490  82.4163 282.1716 0016768 207.4264 152.6070 14.88287898228748
0 COSMOS 2493 (SKRL 756)
1 39490U 13078A   18074.92493271 +.00000281 +00000-0 +27757-4 0  9994
2 39490 082.4163 282.1072 0016774 207.1928 152.8412 14.88287946228458
0 COSMOS 2493 (SKRL 756)
1 39490U 13078A   18075.19386464  .00000317  00000-0  31570-4 0  9997
2 39490  82.4162 281.8499 0016795 206.2553 153.7814 14.88288289228797
0 COSMOS 2493 (SKRL 756)
1 39490U 13078A   18075.53002966  .00000315  00000-0  31419-4 0  9997
2 39490  82.4162 281.5282 0016828 205.0637 154.9765 14.88288438228841
0 COSMOS 2493 (SKRL 756)
1 39490U 13078A   18075.59726265 +.00000312 +00000-0 +31091-4 0  9991
2 39490 082.4162 281.4638 0016833 204.8287 155.2122 14.88288462228555
0 COSMOS 2493 (SKRL 756)
1 39490U 13078A   18075.86619459  .00000320  00000-0  31884-4 0  9996
2 39490  82.4162 281.2065 0016857 203.9048 156.1388 14.88288602228895
0 COSMOS 2493 (SKRL 756)
1 39490U 13078A   18075.93342760 +.00000314 +00000-0 +31281-4 0  9996
2 39490 082.4162 281.1422 0016864 203.6700 156.3744 14.88288609228605
0 COSMOS 2493 (SKRL 756)
1 39490U 13078A   18076.20235948  .00000317  00000-0  31637-4 0  9994
2 39490  82.4161 280.8848 0016885 202.7365 157.3106 14.88288806228941
0 COSMOS 2493 (SKRL 756)
1 39490U 13078A   18076.53852439  .00000317  00000-0  31547-4 0  9990
2 39490  82.4161 280.5631 0016912 201.5684 158.4823 14.88288964228998
0 COSMOS 2493 (SKRL 756)
1 39490U 13078A   18076.60575734 +.00000313 +00000-0 +31173-4 0  9999
2 39490 082.4161 280.4987 0016918 201.3349 158.7165 14.88288993228706
0 COSMOS 2493 (SKRL 756)
1 39490U 13078A   18076.87468924  .00000298  00000-0  29540-4 0  9997
2 39490  82.4161 280.2414 0016939 200.4349 159.6192 14.88289028229040
0 COSMOS 2493 (SKRL 756)
1 39490U 13078A   18076.94192220 +.00000295 +00000-0 +29217-4 0  9996
2 39490 082.4161 280.1771 0016943 200.2041 159.8508 14.88289066228759
0 COSMOS 2493 (SKRL 756)
1 39490U 13078A   18077.21085406  .00000300  00000-0  29742-4 0  9994
2 39490  82.4160 279.9197 0016961 199.2794 160.7784 14.88289238229094
0 COSMOS 2493 (SKRL 756)
1 39490U 13078A   18077.54701883  .00000300  00000-0  29765-4 0  9999
2 39490  82.4160 279.5980 0016987 198.1282 161.9332 14.88289419229147
0 COSMOS 2493 (SKRL 756)
1 39490U 13078A   18077.61425177 +.00000300 +00000-0 +29788-4 0  9991
2 39490 082.4160 279.5337 0016994 197.8990 162.1631 14.88289452228852
0 COSMOS 2493 (SKRL 756)
1 39490U 13078A   18077.88318354  .00000307  00000-0  30534-4 0  9996
2 39490  82.4160 279.2763 0017010 197.0091 163.0558 14.88289607229194
0 COSMOS 2493 (SKRL 756)
1 39490U 13078A   18077.95041647 +.00000307 +00000-0 +30472-4 0  9993
2 39490 082.4160 279.2120 0017017 196.7778 163.2878 14.88289650228909
0 COSMOS 2493 (SKRL 756)
1 39490U 13078A   18078.15211526  .00000306  00000-0  30429-4 0  9992
2 39490  82.4160 279.0190 0017031 196.0945 163.9733 14.88289772229238
0 COSMOS 2493 (SKRL 756)
1 39490U 13078A   18078.55551277  .00000328  00000-0  32819-4 0  9995
2 39490  82.4159 278.6329 0017065 194.7183 165.3540 14.88290157229298
0 COSMOS 2493 (SKRL 756)
1 39490U 13078A   18078.62274569 +.00000329 +00000-0 +32887-4 0  9995
2 39490 082.4159 278.5686 0017072 194.4874 165.5857 14.88290187229000
0 COSMOS 2493 (SKRL 756)
1 39490U 13078A   18078.89167747  .00000296  00000-0  29323-4 0  9997
2 39490  82.4159 278.3112 0017098 193.5909 166.4850 14.88290189229341
0 COSMOS 2493 (SKRL 756)
1 39490U 13078A   18079.16060910  .00000291  00000-0  28790-4 0  9994
2 39490  82.4159 278.0538 0017122 192.6841 167.3948 14.88290349229383
0 COSMOS 2493 (SKRL 756)
1 39490U 13078A   18079.49677360  .00000307  00000-0  30501-4 0  9994
2 39490  82.4159 277.7322 0017153 191.5412 168.5414 14.88290648229435
0 COSMOS 2493 (SKRL 756)
1 39490U 13078A   18079.56400650 +.00000301 +00000-0 +29810-4 0  9993
2 39490 082.4159 277.6678 0017159 191.3126 168.7709 14.88290663229148
0 COSMOS 2493 (SKRL 756)
1 39490U 13078A   18079.83293807  .00000305  00000-0  30299-4 0  9994
2 39490  82.4159 277.4104 0017185 190.4164 169.6700 14.88290822229486
0 COSMOS 2493 (SKRL 756)
1 39490U 13078A   18079.90017099 +.00000305 +00000-0 +30331-4 0  9996
2 39490 082.4159 277.3461 0017191 190.1897 169.8975 14.88290860229194
0 COSMOS 2493 (SKRL 756)
1 39490U 13078A   18080.23633544  .00000314  00000-0  31220-4 0  9991
2 39490  82.4158 277.0244 0017225 189.0461 171.0448 14.88291088229543
0 COSMOS 2493 (SKRL 756)
1 39490U 13078A   18080.57249983  .00000308  00000-0  30575-4 0  9993
2 39490  82.4158 276.7027 0017262 187.9096 172.1852 14.88291255229592
0 COSMOS 2493 (SKRL 756)
1 39490U 13078A   18080.90866423  .00000301  00000-0  29864-4 0  9996
2 39490  82.4158 276.3810 0017293 186.7949 173.3037 14.88291390229640
0 COSMOS 2493 (SKRL 756)
1 39490U 13078A   18081.17759570  .00000291  00000-0  28766-4 0  9998
2 39490  82.4158 276.1236 0017314 185.8874 174.2143 14.88291498229682
0 COSMOS 2493 (SKRL 756)
1 39490U 13078A   18081.51376011  .00000292  00000-0  28843-4 0  9998
2 39490  82.4157 275.8019 0017344 184.7325 175.3732 14.88291641229730
0 COSMOS 2493 (SKRL 756)
1 39490U 13078A   18081.58099295 +.00000287 +00000-0 +28356-4 0  9994
2 39490 082.4157 275.7375 0017351 184.5057 175.6007 14.88291660229449
0 COSMOS 2493 (SKRL 756)
1 39490U 13078A   18081.84992439  .00000283  00000-0  27891-4 0  9994
2 39490  82.4158 275.4802 0017375 183.6161 176.4934 14.88291740229788
0 COSMOS 2493 (SKRL 756)
1 39490U 13078A   18082.18608866  .00000279  00000-0  27450-4 0  9996
2 39490  82.4157 275.1584 0017405 182.4974 177.6160 14.88291921229835
0 COSMOS 2493 (SKRL 756)
1 39490U 13078A   18082.52225286  .00000290  00000-0  28672-4 0  9995
2 39490  82.4157 274.8367 0017435 181.3679 178.7494 14.88292147229881
0 COSMOS 2493 (SKRL 756)
1 39490U 13078A   18082.58948572 +.00000287 +00000-0 +28326-4 0  9993
2 39490 082.4157 274.7724 0017442 181.1458 178.9723 14.88292161229599
0 COSMOS 2493 (SKRL 756)
1 39490U 13078A   18082.85841711  .00000292  00000-0  28907-4 0  9991
2 39490  82.4158 274.5150 0017464 180.2673 179.8539 14.88292264229931
0 COSMOS 2493 (SKRL 756)
1 39490U 13078A   18082.92564995 +.00000292 +00000-0 +28841-4 0  9992
2 39490 082.4158 274.4507 0017469 180.0465 180.0754 14.88292302229642
0 COSMOS 2493 (SKRL 756)
1 39490U 13078A   18083.19458123  .00000320  00000-0  31931-4 0  9993
2 39490  82.4157 274.1933 0017493 179.1573 180.9677 14.88292609229987
0 COSMOS 2493 (SKRL 756)
1 39490U 13078A   18083.53074536  .00000314  00000-0  31224-4 0  9991
2 39490  82.4157 273.8716 0017528 178.0411 182.0878 14.88292751230032
0 COSMOS 2493 (SKRL 756)
1 39490U 13078A   18083.59797815 +.00000319 +00000-0 +31825-4 0  9991
2 39490 082.4157 273.8073 0017538 177.8343 182.2954 14.88292809229747
0 COSMOS 2493 (SKRL 756)
1 39490U 13078A   18083.86690944  .00000314  00000-0  31244-4 0  9996
2 39490  82.4158 273.5499 0017558 176.9671 183.1656 14.88292918230082
0 COSMOS 2493 (SKRL 756)
1 39490U 13078A   18083.93414224 +.00000315 +00000-0 +31336-4 0  9992
2 39490 082.4158 273.4856 0017564 176.7476 183.3859 14.88292968229794
0 COSMOS 2493 (SKRL 756)
1 39490U 13078A   18084.20307345  .00000313  00000-0  31086-4 0  9998
2 39490  82.4158 273.2282 0017589 175.8612 184.2755 14.88293111230130
0 COSMOS 2493 (SKRL 756)
1 39490U 13078A   18084.53923736  .00000324  00000-0  32334-4 0  9991
2 39490  82.4158 272.9065 0017624 174.7558 185.3848 14.88293382230182
0 COSMOS 2493 (SKRL 756)
1 39490U 13078A   18084.60647014 +.00000325 +00000-0 +32443-4 0  9993
2 39490 082.4158 272.8421 0017632 174.5369 185.6044 14.88293422229896
0 COSMOS 2493 (SKRL 756)
1 39490U 13078A   18084.87540136  .00000313  00000-0  31172-4 0  9994
2 39490  82.4158 272.5848 0017650 173.6650 186.4794 14.88293465230237
0 COSMOS 2493 (SKRL 756)
1 39490U 13078A   18084.94263415 +.00000309 +00000-0 +30737-4 0  9995
2 39490 082.4158 272.5204 0017654 173.4481 186.6971 14.88293497229947
0 COSMOS 2493 (SKRL 756)
1 39490U 13078A   18085.21156522  .00000317  00000-0  31601-4 0  9996
2 39490  82.4158 272.2630 0017682 172.5576 187.5908 14.88293685230281
0 COSMOS 2493 (SKRL 756)
1 39490U 13078A   18085.54772907  .00000312  00000-0  31022-4 0  9995
2 39490  82.4158 271.9413 0017713 171.4519 188.7004 14.88293842230337
0 COSMOS 2493 (SKRL 756)
1 39490U 13078A   18085.61496182 +.00000316 +00000-0 +31470-4 0  9992
2 39490 082.4158 271.8770 0017719 171.2343 188.9187 14.88293886230041
0 COSMOS 2493 (SKRL 756)
1 39490U 13078A   18085.88389292  .00000313  00000-0  31079-4 0  9996
2 39490  82.4159 271.6196 0017739 170.3609 189.7952 14.88293962230380
0 COSMOS 2493 (SKRL 756)
1 39490U 13078A   18085.95112569 +.00000306 +00000-0 +30342-4 0  9999
2 39490 082.4159 271.5553 0017740 170.1473 190.0096 14.88293980230097
0 COSMOS 2493 (SKRL 756)
1 39490U 13078A   18086.22005674  .00000311  00000-0  30893-4 0  9995
2 39490  82.4159 271.2979 0017761 169.2376 190.9225 14.88294124230432
0 COSMOS 2493 (SKRL 756)
1 39490U 13078A   18086.55622043  .00000312  00000-0  31026-4 0  9996
2 39490  82.4159 270.9762 0017797 168.1360 192.0281 14.88294315230480
0 COSMOS 2493 (SKRL 756)
1 39490U 13078A   18086.89238414  .00000303  00000-0  29990-4 0  9995
2 39490  82.4159 270.6545 0017827 167.0653 193.1025 14.88294415230538
0 COSMOS 2493 (SKRL 756)
1 39490U 13078A   18087.22854786  .00000289  00000-0  28546-4 0  9998
2 39490  82.4159 270.3328 0017848 165.9557 194.2160 14.88294528230589
0 COSMOS 2493 (SKRL 756)
1 39490U 13078A   18087.49747875  .00000289  00000-0  28504-4 0  9991
2 39490  82.4159 270.0754 0017874 165.0800 195.0949 14.88294682230620
0 COSMOS 2493 (SKRL 756)
1 39490U 13078A   18087.56471144 +.00000288 +00000-0 +28434-4 0  9993
2 39490 082.4159 270.0111 0017882 164.8641 195.3116 14.88294724230330
0 COSMOS 2493 (SKRL 756)
1 39490U 13078A   18087.83364228  .00000294  00000-0  29061-4 0  9991
2 39490  82.4159 269.7537 0017905 164.0321 196.1465 14.88294869230673
0 COSMOS 2493 (SKRL 756)
1 39490U 13078A   18087.90087498 +.00000295 +00000-0 +29193-4 0  9997
2 39490 082.4159 269.6894 0017911 163.8033 196.3761 14.88294929230388
0 COSMOS 2493 (SKRL 756)
1 39490U 13078A   18088.16980577  .00000286  00000-0  28190-4 0  9992
2 39490  82.4159 269.4320 0017932 162.9437 197.2387 14.88295065230725
0 COSMOS 2493 (SKRL 756)
1 39490U 13078A   18088.50596928  .00000294  00000-0  29112-4 0  9997
2 39490  82.4159 269.1103 0017964 161.8456 198.3407 14.88295283230777
0 COSMOS 2493 (SKRL 756)
1 39490U 13078A   18088.57320196 +.00000296 +00000-0 +29262-4 0  9994
2 39490 082.4159 269.0459 0017970 161.6230 198.5641 14.88295326230483
0 COSMOS 2493 (SKRL 756)
1 39490U 13078A   18088.84213272  .00000282  00000-0  27751-4 0  9996
2 39490  82.4160 268.7886 0017993 160.7977 199.3923 14.88295414230826
0 COSMOS 2493 (SKRL 756)
1 39490U 13078A   18088.90936536 +.00000286 +00000-0 +28147-4 0  9992
2 39490 082.4160 268.7242 0017998 160.5795 199.6112 14.88295495230533
0 COSMOS 2493 (SKRL 756)
1 39490U 13078A   18089.17829605  .00000274  00000-0  26909-4 0  9991
2 39490  82.4160 268.4669 0018022 159.7181 200.4756 14.88295610230872
0 COSMOS 2493 (SKRL 756)
1 39490U 13078A   18089.51445947  .00000252  00000-0  24561-4 0  9990
2 39490  82.4160 268.1452 0018049 158.6270 201.5705 14.88295686230920
0 COSMOS 2493 (SKRL 756)
1 39490U 13078A   18089.58169214 +.00000255 +00000-0 +24880-4 0  9994
2 39490 082.4160 268.0809 0018055 158.4085 201.7897 14.88295716230630
0 COSMOS 2493 (SKRL 756)
1 39490U 13078A   18089.85062282  .00000253  00000-0  24631-4 0  9993
2 39490  82.4160 267.8235 0018076 157.5445 202.6568 14.88295831230973
